   8864.0545335385905        8688.7092210101364        8519.7759473539918        7688.4187530186064        6882.9878281350066        6.5514976100244748        87.085414286754556        386.05419065696691       -203.30559669895547       -4396.6153553916884       -6033.3554911348247       -1564.7948852712025        984.22501408490450        559.53339209112153        93.084628826845062        5.1072027852633983        5.1146934768159565E-003   0.0000000000000000        0.0000000000000000        0.0000000000000000        0.0000000000000000        0.0000000000000000        0.0000000000000000        0.0000000000000000        0.0000000000000000        0.0000000000000000     
   8688.7092210101364        8530.4615470402732        8372.3445785982149        7581.6219823332240        6808.7404245910393        6.8693257146169833        92.924040019301771        423.28009626369879       -85.894864594174692       -4243.4363427721801       -5993.1912526336746       -1622.1998692019438        939.95811240899502        547.57256891338534        91.688581866348940        5.0476059817934722        5.0872550722858567E-003   0.0000000000000000        0.0000000000000000        0.0000000000000000        0.0000000000000000        0.0000000000000000        0.0000000000000000        0.0000000000000000        0.0000000000000000        0.0000000000000000     
   8519.7759473539918        8372.3445785982149        8223.6342857142754        7472.3657142857055        6731.7150476190409        7.1046361167881846        97.859635953826782        457.42130121934701        27.097554099871672       -4091.4617628017786       -5949.8753216461382       -1676.3258093094692        897.00444744792298        535.86549989227137        90.315925378692626        4.9888336533681237        5.0599952358929470E-003   0.0000000000000000        0.0000000000000000        0.0000000000000000        0.0000000000000000        0.0000000000000000        0.0000000000000000        0.0000000000000000        0.0000000000000000        0.0000000000000000     
   7688.4187530186064        7581.6219823332240        7472.3657142857055        6901.1748571428498        6313.5689142857082        7.2840571633575495        110.95662386530071        586.06056830217983        527.54790284198987       -3354.5959408483659       -5693.3717942655549       -1902.0183417791598        700.69180091080227        480.94458550466646        83.788719113640113        4.7068928628437110        4.9263282429048974E-003   0.0000000000000000        0.0000000000000000        0.0000000000000000        0.0000000000000000        0.0000000000000000        0.0000000000000000        0.0000000000000000        0.0000000000000000        0.0000000000000000     
   6882.9878281350066        6808.7404245910393        6731.7150476190409        6313.5689142857082        5861.6775613506443        6.3231055244557721        109.25799853460137        655.01654863899080        926.40837521495735       -2665.9288121447266       -5386.9962336927319       -2062.8373225044243        532.14372142318689        431.57893941559104        77.785171901518794        4.4437107586596474        4.7969298665856445E-003   0.0000000000000000        0.0000000000000000        0.0000000000000000        0.0000000000000000        0.0000000000000000        0.0000000000000000        0.0000000000000000        0.0000000000000000        0.0000000000000000     
   6.5514976100244748        6.8693257146169833        7.1046361167881846        7.2840571633575495        6.3231055244557730        375.77500332905856       -21.500114184530439       -389.10746176940665       -53.900928713177414        61.049847431139007        23.716968663200799        3.6607006396404334       0.29297624093203206        1.2723047018433891E-002   2.8280846683036907E-004   2.5076450061785485E-006   0.0000000000000000        0.0000000000000000        0.0000000000000000        0.0000000000000000        0.0000000000000000        0.0000000000000000        0.0000000000000000        0.0000000000000000        0.0000000000000000        0.0000000000000000     
   87.085414286754556        92.924040019301771        97.859635953826782        110.95662386530071        109.25799853460137       -21.500114184530439        1480.7509445336177        171.75072098230640       -1400.6282982774585       -546.73354980747706        147.61722707955701        131.81584605964545        32.780925601721741        3.9121390117826333       0.22891998011894885        5.2606277124807675E-003   9.9359077974165708E-008   0.0000000000000000        0.0000000000000000        0.0000000000000000        0.0000000000000000        0.0000000000000000        0.0000000000000000        0.0000000000000000        0.0000000000000000        0.0000000000000000     
   386.05419065696691        423.28009626369879        457.42130121934701        586.06056830217983        655.01654863899080       -389.10746176940665        171.75072098230640        3389.5373935059270        801.38334617957014       -2668.1645999233428       -1558.6477613767131        3.9526322958013584        212.98908453071954        65.569502874268210        8.1843217973527871       0.39141641755121354        6.1015185909970931E-004   5.3232428468703237E-009   0.0000000000000000        0.0000000000000000        0.0000000000000000        0.0000000000000000        0.0000000000000000        0.0000000000000000        0.0000000000000000        0.0000000000000000     
  -203.30559669895547       -85.894864594174692        27.097554099871672        527.54790284198987        926.40837521495735       -53.900928713177414       -1400.6282982774585        801.38334617957014        5852.1937006173057        1888.0980917577574       -3453.7533006217750       -2392.6794972674829       -218.68776810791942        208.01269679757903        67.475615814616887        6.8334138833958047        7.8813112615302411E-002   9.3106070073568082E-005   8.9931154307798838E-010   0.0000000000000000        0.0000000000000000        0.0000000000000000        0.0000000000000000        0.0000000000000000        0.0000000000000000        0.0000000000000000     
  -4396.6153553916884       -4243.4363427721801       -4091.4617628017786       -3354.5959408483659       -2665.9288121447266        61.049847431139007       -546.73354980747706       -2668.1645999233428        1888.0980917577574        8223.7445008412597        3130.5539029887218       -2810.5993399901058       -1869.8697303783777       -25.334222321708474        207.38219760463974        49.714902603138491        2.2358907748045178        2.3311369367211520E-002   3.0892797530569344E-005   3.5190539963877742E-010   0.0000000000000000        0.0000000000000000        0.0000000000000000        0.0000000000000000        0.0000000000000000        0.0000000000000000     
  -6033.3554911348247       -5993.1912526336746       -5949.8753216461382       -5693.3717942655549       -5386.9962336927319        23.716968663200799        147.61722707955701       -1558.6477613767131       -3453.7533006217750        3130.5539029887218        8019.9048417914919        2415.2129548323119       -1866.5175583197190       -978.93866280765144        140.07711918427594        166.55537518770410        24.155927253208841        1.0349766716055200        1.1901374929097305E-002   1.8532635265803413E-005   2.6200335886939811E-010   0.0000000000000000        0.0000000000000000        0.0000000000000000        0.0000000000000000        0.0000000000000000     
  -1564.7948852712025       -1622.1998692019438       -1676.3258093094692       -1902.0183417791598       -2062.8373225044243        3.6607006396404334        131.81584605964545        3.9526322958013584       -2392.6794972674829       -2810.5993399901058        2415.2129548323119        4339.6129638998755        839.01914299371515       -1298.8802207712474       -562.65937223171215        173.16942854771901        113.10971163291133        15.408850965173473       0.71608377041336591        9.5986278445147726E-003   1.8532635265803532E-005   3.5190539963877928E-010   0.0000000000000000        0.0000000000000000        0.0000000000000000        0.0000000000000000     
   984.22501408490450        939.95811240899502        897.00444744792298        700.69180091080227        532.14372142318689       0.29297624093203206        32.780925601721741        212.98908453071954       -218.68776810791942       -1869.8697303783777       -1866.5175583197190        839.01914299371515        2208.3924569873484        383.22805363656181       -1015.4184300029968       -380.01179119744216        177.83843821161042        91.570848602548040        13.289811907350597       0.71608377041336724        1.1901374929097324E-002   3.0892797530569358E-005   8.9931154307798528E-010   0.0000000000000000        0.0000000000000000        0.0000000000000000     
   559.53339209112153        547.57256891338534        535.86549989227137        480.94458550466646        431.57893941559104        1.2723047018433891E-002   3.9121390117826333        65.569502874268210        208.01269679757903       -25.334222321708474       -978.93866280765144       -1298.8802207712474        383.22805363656181        1628.8007763490084        254.40008331381472       -935.21570794849072       -252.85208594340341        174.17287084511034        91.570848602548182        15.408850965173484        1.0349766716055206        2.3311369367211565E-002   9.3106070073568583E-005   5.3232428468703518E-009   0.0000000000000000        0.0000000000000000     
   93.084628826845062        91.688581866348940        90.315925378692626        83.788719113640113        77.785171901518794        2.8280846683036907E-004  0.22891998011894885        8.1843217973527871        67.475615814616887        207.38219760463974        140.07711918427594       -562.65937223171215       -1015.4184300029968        254.40008331381472        1452.0168430097924        164.91543176721385       -886.32539504300053       -252.85201631915493        177.83885022763474        113.11096883474673        24.157848284696353        2.2372173939356430        7.9144045618743705E-002   6.2753368734597289E-004   1.2278600268157947E-007   0.0000000000000000     
   5.1072027852633983        5.0476059817934722        4.9888336533681237        4.7068928628437110        4.4437107586596474        2.5076450061785485E-006   5.2606277124807675E-003  0.39141641755121354        6.8334138833958047        49.714902603138491        166.55537518770410        173.16942854771901       -380.01179119744216       -935.21570794849072        164.91543176721385        1496.0540662410763        164.91803483532479       -935.18676236407930       -379.81288024360958        173.97042805877956        168.27583413508211        51.528593083626049        7.7000212221975488       0.56360969024269758        1.5966723430704634E-002   6.2866433372969351E-005
   5.1146934768159565E-003   5.0872550722858567E-003   5.0599952358929470E-003   4.9263282429048974E-003   4.7969298665856445E-003   0.0000000000000000        9.9359077974165708E-008   6.1015185909970931E-004   7.8813112615302411E-002   2.2358907748045178        24.155927253208841        113.10971163291133        177.83843821161042       -252.85208594340341       -886.32539504300053        164.91803483532479        1452.0564854970771        254.70034694516278       -1013.3617902082162       -552.17912657182194        168.21335746848317        243.23885601262148        88.954434105761692        14.324393455788202       0.87891146097158823        8.8459557975084108E-003
   0.0000000000000000        0.0000000000000000        0.0000000000000000        0.0000000000000000        0.0000000000000000        0.0000000000000000        0.0000000000000000        5.3232428468703237E-009   9.3106070073568082E-005   2.3311369367211520E-002   1.0349766716055200        15.408850965173473        91.570848602548040        174.17287084511034       -252.85201631915493       -935.18676236407930        254.70034694516278        1629.0298381078701        380.55858866552569       -1280.5274204490529       -852.26060120710781        206.15941157601392        396.59656395389470        150.76698981802059        20.279734130551560       0.52437557715741423     
   0.0000000000000000        0.0000000000000000        0.0000000000000000        0.0000000000000000        0.0000000000000000        0.0000000000000000        0.0000000000000000        0.0000000000000000        8.9931154307798838E-010   3.0892797530569344E-005   1.1901374929097305E-002  0.71608377041336591        13.289811907350597        91.570848602548182        177.83885022763474       -379.81288024360958       -1013.3617902082162        380.55858866552569        2124.8024600140197        600.65943763879034       -1928.7395035480090       -1461.9996771381470        371.36492100125128        754.58930023977064        251.29679453105939        17.214822270991874     
   0.0000000000000000        0.0000000000000000        0.0000000000000000        0.0000000000000000        0.0000000000000000        0.0000000000000000        0.0000000000000000        0.0000000000000000        0.0000000000000000        3.5190539963877742E-010   1.8532635265803413E-005   9.5986278445147726E-003  0.71608377041336724        15.408850965173484        113.11096883474673        173.97042805877956       -552.17912657182194       -1280.5274204490529        600.65943763879034        3272.2736203177792        1051.0627311449966       -3586.6758811043437       -2908.6609389388004        1044.4001323253894        1710.0042352616626        346.42726158545594     
   0.0000000000000000        0.0000000000000000        0.0000000000000000        0.0000000000000000        0.0000000000000000        0.0000000000000000        0.0000000000000000        0.0000000000000000        0.0000000000000000        0.0000000000000000        2.6200335886939811E-010   1.8532635265803532E-005   1.1901374929097324E-002   1.0349766716055206        24.157848284696353        168.27583413508211        168.21335746848317       -852.26060120710781       -1928.7395035480090        1051.0627311449966        6144.0079400342329        2137.0684038522913       -8755.4914087211382       -7113.0757905431883        4482.5451357862357        4473.1891567339917     
   0.0000000000000000        0.0000000000000000        0.0000000000000000        0.0000000000000000        0.0000000000000000        0.0000000000000000        0.0000000000000000        0.0000000000000000        0.0000000000000000        0.0000000000000000        0.0000000000000000        3.5190539963877928E-010   3.0892797530569358E-005   2.3311369367211565E-002   2.2372173939356430        51.528593083626049        243.23885601262148        206.15941157601392       -1461.9996771381470       -3586.6758811043437        2137.0684038522913        14988.327812511186        5411.0740106757185       -31874.203272122148       -23875.660629608392        37758.881812605119     
   0.0000000000000000        0.0000000000000000        0.0000000000000000        0.0000000000000000        0.0000000000000000        0.0000000000000000        0.0000000000000000        0.0000000000000000        0.0000000000000000        0.0000000000000000        0.0000000000000000        0.0000000000000000        8.9931154307798528E-010   9.3106070073568583E-005   7.9144045618743705E-002   7.7000212221975488        88.954434105761692        396.59656395389470        371.36492100125128       -2908.6609389388004       -8755.4914087211382        5411.0740106757185        54607.143349051192        19671.609389927798       -277461.47356755933        208571.10398812883     
   0.0000000000000000        0.0000000000000000        0.0000000000000000        0.0000000000000000        0.0000000000000000        0.0000000000000000        0.0000000000000000        0.0000000000000000        0.0000000000000000        0.0000000000000000        0.0000000000000000        0.0000000000000000        0.0000000000000000        5.3232428468703518E-009   6.2753368734597289E-004  0.56360969024269758        14.324393455788202        150.76698981802059        754.58930023977064        1044.4001323253894       -7113.0757905431883       -31874.203272122148        19671.609389927798        491273.47241660696       -1215576.0558575706        741653.60806063295     
   0.0000000000000000        0.0000000000000000        0.0000000000000000        0.0000000000000000        0.0000000000000000        0.0000000000000000        0.0000000000000000        0.0000000000000000        0.0000000000000000        0.0000000000000000        0.0000000000000000        0.0000000000000000        0.0000000000000000        0.0000000000000000        1.2278600268157947E-007   1.5966723430704634E-002  0.87891146097158823        20.279734130551560        251.29679453105939        1710.0042352616626        4482.5451357862357       -23875.660629608392       -277461.47356755933       -1215576.0558575706        5439298.5394277778       -3928850.3701510560     
   0.0000000000000000        0.0000000000000000        0.0000000000000000        0.0000000000000000        0.0000000000000000        0.0000000000000000        0.0000000000000000        0.0000000000000000        0.0000000000000000        0.0000000000000000        0.0000000000000000        0.0000000000000000        0.0000000000000000        0.0000000000000000        0.0000000000000000        6.2866433372969351E-005   8.8459557975084108E-003  0.52437557715741423        17.214822270991874        346.42726158545594        4473.1891567339917        37758.881812605119        208571.10398812883        741653.60806063295       -3928850.3701510560        2936029.4117646995     
   12499.246574260214        12238.359706028212        11984.116778293712        10731.833047745658        9519.7121021784624        29.862627186933505        532.25514573353075        1605.8997269564165       -1508.8050161473379       -8981.0992118054492       -7598.4332863786412       -546.83203923490510        1441.6247291715347        551.62198221034464        74.698179758152406        3.4838941986673784        1.9562986985877519E-003   0.0000000000000000        0.0000000000000000        0.0000000000000000        0.0000000000000000        0.0000000000000000        0.0000000000000000        0.0000000000000000        0.0000000000000000        0.0000000000000000     
   12238.359706028212        11996.656950121429        11755.300108461137        10553.710510984860        9383.6296998669495        28.216584495850636        517.37460546683485        1621.4604830466787       -1325.3498074129702       -8735.2685271323753       -7546.6324626987625       -622.68258260973516        1392.0564222090395        539.90433822200760        73.484518675064336        3.4375961417640148        1.9438169894761650E-003   0.0000000000000000        0.0000000000000000        0.0000000000000000        0.0000000000000000        0.0000000000000000        0.0000000000000000        0.0000000000000000        0.0000000000000000        0.0000000000000000     
   11984.116778293712        11755.300108461137        11525.402597402575        10373.236363636343        9244.7838028637834        26.636828492053823        502.62547343923228        1634.5650951303428       -1148.1451138016032       -8492.0992443987598       -7491.2470131880218       -694.68621748218550        1343.9335060328820        528.44434394287396        72.292691400065038        3.3920047201488774        1.9314272503989790E-003   0.0000000000000000        0.0000000000000000        0.0000000000000000        0.0000000000000000        0.0000000000000000        0.0000000000000000        0.0000000000000000        0.0000000000000000        0.0000000000000000     
   10731.833047745658        10553.710510984860        10373.236363636343        9449.4817182817005        8519.5337782217593        19.656138618288328        431.15199865525562        1666.6625129686045       -352.58899990444399       -7320.6729855579761       -7168.8755140243120       -1001.8740571950568        1123.6245148979153        474.80805976383607        66.646510535965263        3.1742361242932371        1.8708319071180505E-003   0.0000000000000000        0.0000000000000000        0.0000000000000000        0.0000000000000000        0.0000000000000000        0.0000000000000000        0.0000000000000000        0.0000000000000000        0.0000000000000000     
   9519.7121021784624        9383.6296998669495        9244.7838028637834        8519.5337782217593        7767.9403036643189        14.025379169446850        364.13603058270076        1651.5445769314974        301.74918404663771       -6231.9478933552582       -6789.6958723593889       -1232.5252165104530        933.84520040365953        426.78748508599170        61.486104797683097        2.9724295613445531        1.8124253506203942E-003   0.0000000000000000        0.0000000000000000        0.0000000000000000        0.0000000000000000        0.0000000000000000        0.0000000000000000        0.0000000000000000        0.0000000000000000        0.0000000000000000     
   29.862627186933505        28.216584495850636        26.636828492053823        19.656138618288328        14.025379169446850        14.745420278175361       -10.145548948431710       -75.406677398710045       -9.5639053359611914        22.887306423383443        9.9044616307966020        1.7045326973057746       0.14942192041618754        6.9960763728367749E-003   1.6556082821782818E-004   1.5474220156635429E-006   0.0000000000000000        0.0000000000000000        0.0000000000000000        0.0000000000000000        0.0000000000000000        0.0000000000000000        0.0000000000000000        0.0000000000000000        0.0000000000000000        0.0000000000000000     
   532.25514573353075        517.37460546683485        502.62547343923228        431.15199865525562        364.13603058270076       -10.145548948431710        358.93597131121106        70.867481725148679       -807.81728565732055       -459.43367355401955        60.712439455784512        99.571534066536913        28.551553182030801        3.6960539317212211       0.22798484520845225        5.4276267945694316E-003   1.0752019829103688E-007   0.0000000000000000        0.0000000000000000        0.0000000000000000        0.0000000000000000        0.0000000000000000        0.0000000000000000        0.0000000000000000        0.0000000000000000        0.0000000000000000     
   1605.8997269564165        1621.4604830466787        1634.5650951303428        1666.6625129686045        1651.5445769314974       -75.406677398710045        70.867481725148679        2242.6387770235592        903.03602349667381       -2581.2093979619362       -1959.5872872779837       -224.43718725592095        170.97017035342537        63.573864197127570        8.3636264292876348       0.40636612931229538        6.1859580736156865E-004   5.3232428468703237E-009   0.0000000000000000        0.0000000000000000        0.0000000000000000        0.0000000000000000        0.0000000000000000        0.0000000000000000        0.0000000000000000        0.0000000000000000     
  -1508.8050161473379       -1325.3498074129702       -1148.1451138016032       -352.58899990444399        301.74918404663771       -9.5639053359611914       -807.81728565732055        903.03602349667381        6758.9197496503803        3091.5021321166382       -3717.2890486313213       -2926.7597366638142       -361.01717258221436        202.81642523964899        69.350148124359649        6.9907568102093611        7.8994565440727207E-002   9.3106070073568082E-005   8.9931154307798838E-010   0.0000000000000000        0.0000000000000000        0.0000000000000000        0.0000000000000000        0.0000000000000000        0.0000000000000000        0.0000000000000000     
  -8981.0992118054492       -8735.2685271323753       -8492.0992443987598       -7320.6729855579761       -6231.9478933552582        22.887306423383443       -459.43367355401955       -2581.2093979619362        3091.5021321166382        11129.394450403701        4470.6900273530582       -2931.7376257198462       -1972.6563749550885       -14.088490042602082        213.88850132422343        50.223247961518872        2.2366703633471334        2.3311369367211520E-002   3.0892797530569344E-005   3.5190539963877742E-010   0.0000000000000000        0.0000000000000000        0.0000000000000000        0.0000000000000000        0.0000000000000000        0.0000000000000000     
  -7598.4332863786412       -7546.6324626987625       -7491.2470131880218       -7168.8755140243120       -6789.6958723593889        9.9044616307966020        60.712439455784512       -1959.5872872779837       -3717.2890486313213        4470.6900273530582        9112.6747530627072        2434.7414670765652       -1936.9109525837491       -965.08050112887361        147.47049275340052        167.17209568480271        24.157111853402629        1.0349766716055200        1.1901374929097305E-002   1.8532635265803413E-005   2.6200335886939811E-010   0.0000000000000000        0.0000000000000000        0.0000000000000000        0.0000000000000000        0.0000000000000000     
  -546.83203923490510       -622.68258260973516       -694.68621748218550       -1001.8740571950568       -1232.5252165104530        1.7045326973057746        99.571534066536913       -224.43718725592095       -2926.7597366638142       -2931.7376257198462        2434.7414670765652        4145.6318012850898        742.66582247292376       -1302.1863324218527       -559.44847836085000        173.50094312294834        113.11051596643847        15.408850965173473       0.71608377041336591        9.5986278445147726E-003   1.8532635265803532E-005   3.5190539963877928E-010   0.0000000000000000        0.0000000000000000        0.0000000000000000        0.0000000000000000     
   1441.6247291715347        1392.0564222090395        1343.9335060328820        1123.6245148979153        933.84520040365953       0.14942192041618754        28.551553182030801        170.97017035342537       -361.01717258221436       -1972.6563749550885       -1936.9109525837491        742.66582247292376        2165.1607876432990        378.92334934225249       -1014.7923623465787       -379.92205423977464        177.83870981425716        91.570848602548040        13.289811907350597       0.71608377041336724        1.1901374929097324E-002   3.0892797530569358E-005   8.9931154307798528E-010   0.0000000000000000        0.0000000000000000        0.0000000000000000     
   551.62198221034464        539.90433822200760        528.44434394287396        474.80805976383607        426.78748508599170        6.9960763728367749E-003   3.6960539317212211        63.573864197127570        202.81642523964899       -14.088490042602082       -965.08050112887361       -1302.1863324218527        378.92334934225249        1628.2932720080787        254.49506430771243       -935.20182443342583       -252.85203886328347        174.17287084511034        91.570848602548182        15.408850965173484        1.0349766716055206        2.3311369367211565E-002   9.3106070073568583E-005   5.3232428468703518E-009   0.0000000000000000        0.0000000000000000     
   74.698179758152406        73.484518675064336        72.292691400065038        66.646510535965263        61.486104797683097        1.6556082821782818E-004  0.22798484520845225        8.3636264292876348        69.350148124359649        213.88850132422343        147.47049275340052       -559.44847836085000       -1014.7923623465787        254.49506430771243        1452.0333597120605        164.91677070570864       -886.32539104821876       -252.85201631915493        177.83885022763474        113.11096883474673        24.157848284696353        2.2372173939356430        7.9144045618743705E-002   6.2753368734597289E-004   1.2278600268157947E-007   0.0000000000000000     
   3.4838941986673784        3.4375961417640148        3.3920047201488774        3.1742361242932371        2.9724295613445531        1.5474220156635429E-006   5.4276267945694316E-003  0.40636612931229538        6.9907568102093611        50.223247961518872        167.17209568480271        173.50094312294834       -379.92205423977464       -935.20182443342583        164.91677070570864        1496.0541320695529        164.91803496742708       -935.18676236407930       -379.81288024360958        173.97042805877956        168.27583413508211        51.528593083626049        7.7000212221975488       0.56360969024269758        1.5966723430704634E-002   6.2866433372969351E-005
   1.9562986985877519E-003   1.9438169894761650E-003   1.9314272503989790E-003   1.8708319071180505E-003   1.8124253506203942E-003   0.0000000000000000        1.0752019829103688E-007   6.1859580736156865E-004   7.8994565440727207E-002   2.2366703633471334        24.157111853402629        113.11051596643847        177.83870981425716       -252.85203886328347       -886.32539104821876        164.91803496742708        1452.0564854971105        254.70034694516278       -1013.3617902082162       -552.17912657182194        168.21335746848317        243.23885601262148        88.954434105761692        14.324393455788202       0.87891146097158823        8.8459557975084108E-003
   0.0000000000000000        0.0000000000000000        0.0000000000000000        0.0000000000000000        0.0000000000000000        0.0000000000000000        0.0000000000000000        5.3232428468703237E-009   9.3106070073568082E-005   2.3311369367211520E-002   1.0349766716055200        15.408850965173473        91.570848602548040        174.17287084511034       -252.85201631915493       -935.18676236407930        254.70034694516278        1629.0298381078701        380.55858866552569       -1280.5274204490529       -852.26060120710781        206.15941157601392        396.59656395389470        150.76698981802059        20.279734130551560       0.52437557715741423     
   0.0000000000000000        0.0000000000000000        0.0000000000000000        0.0000000000000000        0.0000000000000000        0.0000000000000000        0.0000000000000000        0.0000000000000000        8.9931154307798838E-010   3.0892797530569344E-005   1.1901374929097305E-002  0.71608377041336591        13.289811907350597        91.570848602548182        177.83885022763474       -379.81288024360958       -1013.3617902082162        380.55858866552569        2124.8024600140197        600.65943763879034       -1928.7395035480090       -1461.9996771381470        371.36492100125128        754.58930023977064        251.29679453105939        17.214822270991874     
   0.0000000000000000        0.0000000000000000        0.0000000000000000        0.0000000000000000        0.0000000000000000        0.0000000000000000        0.0000000000000000        0.0000000000000000        0.0000000000000000        3.5190539963877742E-010   1.8532635265803413E-005   9.5986278445147726E-003  0.71608377041336724        15.408850965173484        113.11096883474673        173.97042805877956       -552.17912657182194       -1280.5274204490529        600.65943763879034        3272.2736203177792        1051.0627311449966       -3586.6758811043437       -2908.6609389388004        1044.4001323253894        1710.0042352616626        346.42726158545594     
   0.0000000000000000        0.0000000000000000        0.0000000000000000        0.0000000000000000        0.0000000000000000        0.0000000000000000        0.0000000000000000        0.0000000000000000        0.0000000000000000        0.0000000000000000        2.6200335886939811E-010   1.8532635265803532E-005   1.1901374929097324E-002   1.0349766716055206        24.157848284696353        168.27583413508211        168.21335746848317       -852.26060120710781       -1928.7395035480090        1051.0627311449966        6144.0079400342329        2137.0684038522913       -8755.4914087211382       -7113.0757905431883        4482.5451357862357        4473.1891567339917     
   0.0000000000000000        0.0000000000000000        0.0000000000000000        0.0000000000000000        0.0000000000000000        0.0000000000000000        0.0000000000000000        0.0000000000000000        0.0000000000000000        0.0000000000000000        0.0000000000000000        3.5190539963877928E-010   3.0892797530569358E-005   2.3311369367211565E-002   2.2372173939356430        51.528593083626049        243.23885601262148        206.15941157601392       -1461.9996771381470       -3586.6758811043437        2137.0684038522913        14988.327812511186        5411.0740106757185       -31874.203272122148       -23875.660629608392        37758.881812605119     
   0.0000000000000000        0.0000000000000000        0.0000000000000000        0.0000000000000000        0.0000000000000000        0.0000000000000000        0.0000000000000000        0.0000000000000000        0.0000000000000000        0.0000000000000000        0.0000000000000000        0.0000000000000000        8.9931154307798528E-010   9.3106070073568583E-005   7.9144045618743705E-002   7.7000212221975488        88.954434105761692        396.59656395389470        371.36492100125128       -2908.6609389388004       -8755.4914087211382        5411.0740106757185        54607.143349051192        19671.609389927798       -277461.47356755933        208571.10398812883     
   0.0000000000000000        0.0000000000000000        0.0000000000000000        0.0000000000000000        0.0000000000000000        0.0000000000000000        0.0000000000000000        0.0000000000000000        0.0000000000000000        0.0000000000000000        0.0000000000000000        0.0000000000000000        0.0000000000000000        5.3232428468703518E-009   6.2753368734597289E-004  0.56360969024269758        14.324393455788202        150.76698981802059        754.58930023977064        1044.4001323253894       -7113.0757905431883       -31874.203272122148        19671.609389927798        491273.47241660696       -1215576.0558575706        741653.60806063295     
   0.0000000000000000        0.0000000000000000        0.0000000000000000        0.0000000000000000        0.0000000000000000        0.0000000000000000        0.0000000000000000        0.0000000000000000        0.0000000000000000        0.0000000000000000        0.0000000000000000        0.0000000000000000        0.0000000000000000        0.0000000000000000        1.2278600268157947E-007   1.5966723430704634E-002  0.87891146097158823        20.279734130551560        251.29679453105939        1710.0042352616626        4482.5451357862357       -23875.660629608392       -277461.47356755933       -1215576.0558575706        5439298.5394277778       -3928850.3701510560     
   0.0000000000000000        0.0000000000000000        0.0000000000000000        0.0000000000000000        0.0000000000000000        0.0000000000000000        0.0000000000000000        0.0000000000000000        0.0000000000000000        0.0000000000000000        0.0000000000000000        0.0000000000000000        0.0000000000000000        0.0000000000000000        0.0000000000000000        6.2866433372969351E-005   8.8459557975084108E-003  0.52437557715741423        17.214822270991874        346.42726158545594        4473.1891567339917        37758.881812605119        208571.10398812883        741653.60806063295       -3928850.3701510560        2936029.4117646995     
   18446.252474034060        18059.878047521855        17681.746191504473        15834.342187221066        14068.245020531331        5.1319768401328600        594.07732367671053        2285.1556958484321       -3489.4341730078418       -13754.927732113152       -9285.4628785729110       -27.933726126203283        1669.3706575840504        534.97388587705029        63.857486193570445        2.6626151742429456        9.0344361799243520E-004   0.0000000000000000        0.0000000000000000        0.0000000000000000        0.0000000000000000        0.0000000000000000        0.0000000000000000        0.0000000000000000        0.0000000000000000        0.0000000000000000     
   18059.878047521855        17695.934599359542        17333.876031301963        15552.227302427886        13841.825811351193        4.6152682536365166        577.46689322450732        2295.6420217784803       -3236.5210220095287       -13416.901852073539       -9218.5741471220554       -117.37065574535961        1615.7929048258925        523.35410086468437        62.750661735870850        2.6237541236781596        8.9692715098566001E-004   0.0000000000000000        0.0000000000000000        0.0000000000000000        0.0000000000000000        0.0000000000000000        0.0000000000000000        0.0000000000000000        0.0000000000000000        0.0000000000000000     
   17681.746191504473        17333.876031301963        16986.405594405569        15268.967832167813        13613.606156040023        4.1226723648860535        561.11247837045983        2303.7799609670478       -2991.5275405165321       -13082.978049989610       -9147.8540721043155       -202.51915104268710        1563.7657036456142        511.99604469688666        61.664720000714041        2.5855272934639353        8.9046326542270148E-004   0.0000000000000000        0.0000000000000000        0.0000000000000000        0.0000000000000000        0.0000000000000000        0.0000000000000000        0.0000000000000000        0.0000000000000000        0.0000000000000000     
   15834.342187221066        15552.227302427886        15268.967832167813        13849.867478403934        12456.487347758111        1.9911248008079943        483.21639562465640        2312.4131841682620       -1880.9142480898122       -11478.933171131694       -8745.8199605524442       -569.29414046466081        1325.4092319860220        458.92343496164477        56.533840598587538        2.4035191122063897        8.5891649736214500E-004   0.0000000000000000        0.0000000000000000        0.0000000000000000        0.0000000000000000        0.0000000000000000        0.0000000000000000        0.0000000000000000        0.0000000000000000        0.0000000000000000     
   14068.245020531331        13841.825811351193        13613.606156040023        12456.487347758111        11299.177691133493       0.34117858740934071        411.84114446297582        2275.5138655087658       -948.52415285420238       -9991.6210602943866       -8283.6412361995590       -850.46423117892755        1119.7902424674646        411.53945221442166        51.865595195232203        2.2357627515921350        8.2861660506212877E-004   0.0000000000000000        0.0000000000000000        0.0000000000000000        0.0000000000000000        0.0000000000000000        0.0000000000000000        0.0000000000000000        0.0000000000000000        0.0000000000000000     
   5.1319768401328600        4.6152682536365166        4.1226723648860535        1.9911248008079943       0.34117858740934071        1.8317109220933430       -4.0835264610397273       -23.542473989624245       -1.7474144215822400        11.133468522078998        5.1159981254277938       0.94486381736769998        8.8161079277196894E-002   4.3543357975731984E-003   1.0785930921324493E-004   1.0484402406500845E-006   0.0000000000000000        0.0000000000000000        0.0000000000000000        0.0000000000000000        0.0000000000000000        0.0000000000000000        0.0000000000000000        0.0000000000000000        0.0000000000000000        0.0000000000000000     
