   14.101445651754542       -12.537886364104613       -1.3654113030536719      -0.13010089243790843        0.0000000000000000        0.0000000000000000        0.0000000000000000        0.0000000000000000        0.0000000000000000        1.1473943008249057       -1.0139789413708586      -0.11054412895465753       -1.0539197798584903E-002   0.0000000000000000        0.0000000000000000        0.0000000000000000        0.0000000000000000        0.0000000000000000       0.16836351043664358      -0.17005351475155650       -1.8128279416232324E-002  -1.7069787539404169E-003   0.0000000000000000        0.0000000000000000        0.0000000000000000        0.0000000000000000        0.0000000000000000       0.37103033042454825      -0.33852149271849286       -3.6700171946780547E-002  -3.4882888266164341E-003   0.0000000000000000        0.0000000000000000        0.0000000000000000        0.0000000000000000        0.0000000000000000        7.1347231103365254E-003  -8.5932504498621894E-003  -8.9261942873697874E-004  -8.2803709333140185E-005   0.0000000000000000        0.0000000000000000        0.0000000000000000        0.0000000000000000        0.0000000000000000       -1.9051125201574849E-002  -1.7504917409863856E-002  -4.1974866501702842E-003  -3.1831635230689901E-004   0.0000000000000000        0.0000000000000000        0.0000000000000000        0.0000000000000000        0.0000000000000000       -7.7105830319740953E-003  -6.3409722721808779E-003  -1.4775086329258630E-003  -1.0849696616289150E-004   0.0000000000000000        0.0000000000000000        0.0000000000000000        0.0000000000000000        0.0000000000000000       -1.0515442290043293E-003  -8.0375961916127068E-004  -1.8334488817867592E-004  -1.3128702698378933E-005   0.0000000000000000        0.0000000000000000        0.0000000000000000        0.0000000000000000        0.0000000000000000       -4.8749125924252861E-005  -3.5419508335844210E-005  -7.9515141954459831E-006  -5.5826941044997335E-007   0.0000000000000000        0.0000000000000000        0.0000000000000000        0.0000000000000000        0.0000000000000000     
  -12.537886364104613        12.045716015236057       0.70474894897337004       -4.0570672704541573E-002   0.0000000000000000        0.0000000000000000        0.0000000000000000        0.0000000000000000        0.0000000000000000       -1.0139789413708586       0.98889095411418548        5.9266925335036524E-002  -3.0062998624405500E-003   0.0000000000000000        0.0000000000000000        0.0000000000000000        0.0000000000000000        0.0000000000000000      -0.17005351475155647       0.11500476786636153        2.0912074560030980E-003  -1.4535407414413292E-003   0.0000000000000000        0.0000000000000000        0.0000000000000000        0.0000000000000000        0.0000000000000000      -0.33852149271849286       0.30472512246172723        1.5862335061760678E-002  -1.4783453363308025E-003   0.0000000000000000        0.0000000000000000        0.0000000000000000        0.0000000000000000        0.0000000000000000       -8.5932504498621894E-003   2.9105338204146744E-003  -3.4214858187914000E-004  -1.2762071815157892E-004   0.0000000000000000        0.0000000000000000        0.0000000000000000        0.0000000000000000        0.0000000000000000       -2.0409347294079713E-002  -5.1853516822808011E-002  -7.3176741280145258E-002  -6.1218092874705268E-002  -1.9962707322083956E-002  -1.3283375634117283E-003   0.0000000000000000        0.0000000000000000        0.0000000000000000       -7.3621436828524333E-003  -2.0108235002185216E-002  -2.7975354348253871E-002  -2.3283992885031590E-002  -7.5604677450716211E-003  -4.9826934960825150E-004   0.0000000000000000        0.0000000000000000        0.0000000000000000       -9.3036577884651620E-004  -2.6702484145786427E-003  -3.6805610485707149E-003  -3.0529616175125982E-003  -9.8850276228251276E-004  -6.4725164895785883E-005   0.0000000000000000        0.0000000000000000        0.0000000000000000       -4.0906607602958281E-005  -1.2161549037994522E-004  -1.6656304609784635E-004  -1.3783608496862864E-004  -4.4540830957786321E-005  -2.9031591490981262E-006   0.0000000000000000        0.0000000000000000        0.0000000000000000     
  -1.3654113030536719       0.70474894897337004       0.55808633040168354       0.13092897874459725        0.0000000000000000        0.0000000000000000        0.0000000000000000        0.0000000000000000        0.0000000000000000      -0.11054412895465754        5.9266925335036524E-002   4.5726280424086461E-002   1.0689270154203153E-002   0.0000000000000000        0.0000000000000000        0.0000000000000000        0.0000000000000000        0.0000000000000000       -1.8128279416232320E-002   2.0912074560030967E-003   5.6231814762105117E-003   1.4450311152330241E-003   0.0000000000000000        0.0000000000000000        0.0000000000000000        0.0000000000000000        0.0000000000000000       -3.6700171946780540E-002   1.5862335061760682E-002   1.4243160844126872E-002   3.3948330961673006E-003   0.0000000000000000        0.0000000000000000        0.0000000000000000        0.0000000000000000        0.0000000000000000       -8.9261942873697874E-004  -3.4214858187914000E-004   1.6743777211791091E-004   5.3184206166630559E-005   0.0000000000000000        0.0000000000000000        0.0000000000000000        0.0000000000000000        0.0000000000000000       -1.5052676674923982E-003  -1.0631730005719448E-002  -3.0255612606076236E-002  -4.2605488654534063E-002  -1.8424454060046794E-002  -1.3106533216169004E-003   0.0000000000000000        0.0000000000000000        0.0000000000000000       -5.2866853302958622E-004  -4.0294785388822725E-003  -1.1567040154230109E-002  -1.6263801054048590E-002  -6.9945502827041019E-003  -4.9224174037697970E-004   0.0000000000000000        0.0000000000000000        0.0000000000000000       -6.5491196959018445E-005  -5.2709579429464188E-004  -1.5218426610623165E-003  -2.1376353222288549E-003  -9.1597170249030086E-004  -6.3995792523653677E-005   0.0000000000000000        0.0000000000000000        0.0000000000000000       -2.8365945352986599E-006  -2.3758432211969856E-005  -6.8871678248201741E-005  -9.6672442102694242E-005  -4.1318674278267525E-005  -2.8721441818509056E-006   0.0000000000000000        0.0000000000000000        0.0000000000000000     
 -0.13010089243790843       -4.0570672704541573E-002  0.13092897874459725       -4.1510674108902847        5.7820956442012621       -1.6598992449950856        9.8887545523983295E-002   0.0000000000000000        0.0000000000000000       -1.0539197798584903E-002  -3.0062998624405491E-003   1.0689270154203151E-002 -0.33777510026356566       0.47212171567634920      -0.13401465605969073        8.0107525573348375E-003   0.0000000000000000        0.0000000000000000       -1.7069787539404169E-003  -1.4535407414413292E-003   1.4450311152330241E-003  -4.9513411460547441E-002   6.3613922448586144E-002  -2.3258724624369950E-002   1.2971772234320026E-003   0.0000000000000000        0.0000000000000000       -3.4882888266164341E-003  -1.4783453363308022E-003   3.3948330961673001E-003 -0.10920048079616516       0.14983739014338038       -4.5133026327107653E-002   2.6512767510497104E-003   0.0000000000000000        0.0000000000000000       -8.2803709333140185E-005  -1.2762071815157892E-004   5.3184206166630559E-005  -2.0949511524365949E-003   2.3264417903714543E-003  -1.2200156792218772E-003   6.2907986885608227E-005   0.0000000000000000        0.0000000000000000       -1.0610545076896666E-004  -2.1376111718254087E-003  -1.4668049620672391E-002  -4.3996413307428421E-002  -2.8733606090589822E-002  -7.6932743471471224E-004   5.3052725384483165E-005   0.0000000000000000        0.0000000000000000       -3.6165655387630617E-005  -7.9101114493106302E-004  -5.5550373796703547E-003  -1.6762338197511037E-002  -1.0956728989074488E-002  -3.1943544825554972E-004   1.8082827693815251E-005   0.0000000000000000        0.0000000000000000       -4.3762342327929908E-006  -1.0179461491585014E-004  -7.2628389515258691E-004  -2.2003415287090225E-003  -1.4390772403049658E-003  -4.4224969695034368E-005   2.1881171163964886E-006   0.0000000000000000        0.0000000000000000       -1.8608980348332501E-007  -4.5354913337049362E-006  -3.2725025538948637E-005  -9.9419921499572562E-005  -6.5048809604392673E-005  -2.0702264268248856E-006   9.3044901741662176E-008   0.0000000000000000        0.0000000000000000     
   0.0000000000000000        0.0000000000000000        0.0000000000000000        5.7820956442012621       -12.151644823032500       -1.9066014963906677        7.6977436552434266       0.29272700798529400        0.0000000000000000        0.0000000000000000        0.0000000000000000        0.0000000000000000       0.47212171567634920       -1.0018380106851872      -0.16792340503231140       0.62215331178178901        2.3713195046816037E-002   0.0000000000000000        0.0000000000000000        0.0000000000000000        0.0000000000000000        6.3613922448586144E-002 -0.10204245928283952        1.9275992823034813E-002  0.10568068859210508        3.8407021963659388E-003   0.0000000000000000        0.0000000000000000        0.0000000000000000        0.0000000000000000       0.14983739014338038      -0.30148073231271655       -3.2342854846560756E-002  0.20837867224149981        7.8486498598869785E-003   0.0000000000000000        0.0000000000000000        0.0000000000000000        0.0000000000000000        2.3264417903714543E-003  -1.3920013326179617E-003   3.6808541417513744E-003   5.4167764087856432E-003   1.8630834599956542E-004   0.0000000000000000        0.0000000000000000       -1.5915817615344948E-005  -9.1764668468385339E-004   7.6443651731699092E-003  0.13720884734868277       0.12157767352212549        1.3552489368719870E-002   2.3873726423017489E-004   0.0000000000000000        0.0000000000000000       -5.4248483081445746E-006  -3.3774219465112701E-004   3.0861431663648338E-003   5.2584136446612813E-002   4.5933127238425540E-002   4.9938016089916453E-003   8.1372724622168915E-005   0.0000000000000000        0.0000000000000000       -6.5643513491894641E-007  -4.3299824163687884E-005   4.2024099479160527E-004   6.9294367257743943E-003   5.9957737032091916E-003   6.4074489398973245E-004   9.8465270237842263E-006   0.0000000000000000        0.0000000000000000       -2.7913470522498650E-008  -1.9239895175371338E-006   1.9462942396133377E-005   3.1394202396136663E-004   2.6985381290538647E-004   2.8487663156090378E-005   4.1870205783748112E-007   0.0000000000000000     
   0.0000000000000000        0.0000000000000000        0.0000000000000000       -1.6598992449950856       -1.9066014963906677        5.0619681321996026        8.5326002106439205       -9.0991162888943506      -0.80074839645994944        0.0000000000000000        0.0000000000000000        0.0000000000000000      -0.13401465605969068      -0.16792340503231284       0.42338787055594834       0.70430642777630281      -0.73834470134096797       -6.4177588590447032E-002   0.0000000000000000        0.0000000000000000        0.0000000000000000       -2.3258724624369950E-002   1.9275992823034757E-002   2.2600746849855392E-002   6.8892971894394528E-002 -0.11529306683906849       -1.2772208802304990E-002   0.0000000000000000        0.0000000000000000        0.0000000000000000       -4.5133026327107653E-002  -3.2342854846560722E-002  0.11714734106391474       0.21052309289127299      -0.24223270875477623       -2.2430501548764255E-002   0.0000000000000000        0.0000000000000000        0.0000000000000000       -1.2200156792218772E-003   3.6808541417513779E-003  -1.6198876629657485E-003   6.7256987069467980E-004  -5.3391144122124272E-003  -7.6004745125157530E-004   0.0000000000000000        0.0000000000000000        0.0000000000000000       -2.3740383714474827E-002 -0.22991986072166817      -0.23887162259433259       -5.5015909078223381E-002  -6.6038233268603643E-003  -3.1831635230689911E-004   0.0000000000000000        0.0000000000000000        0.0000000000000000       -9.1996748488920154E-003  -8.7979129138716611E-002  -9.0663621150704005E-002  -2.0718018474824573E-002  -2.4381316144909226E-003  -1.0849696616289159E-004   0.0000000000000000        0.0000000000000000        0.0000000000000000       -1.2210954626969976E-003  -1.1581965948839805E-002  -1.1871094671052143E-002  -2.6984495754220133E-003  -3.1326106636657766E-004  -1.3128702698378945E-005   0.0000000000000000        0.0000000000000000        0.0000000000000000       -5.5596850977019524E-005  -5.2436004525156191E-004  -5.3543908907720218E-004  -1.2126295082729147E-004  -1.3941435647384782E-005  -5.5826941044997324E-007
   0.0000000000000000        0.0000000000000000        0.0000000000000000        9.8887545523983295E-002   7.6977436552434266        8.5326002106439205        83.148328323508125       -94.010532881192731       -5.5501700366640563        0.0000000000000000        0.0000000000000000        0.0000000000000000        8.0107525573348375E-003  0.62215331178178890       0.70430642777630292        6.8900357879290599       -7.7903701915449473      -0.44920395427175847        0.0000000000000000        0.0000000000000000        0.0000000000000000        1.2971772234320026E-003  0.10568068859210508        6.8892971894394514E-002  0.58350074459504542      -0.65892377926912571       -7.4147210610734940E-002   0.0000000000000000        0.0000000000000000        0.0000000000000000        2.6512767510497104E-003  0.20837867224149983       0.21052309289127294        2.0142593192797880       -2.2770544375208002      -0.14937459387330712        0.0000000000000000        0.0000000000000000        0.0000000000000000        6.2907986885608213E-005   5.4167764087856424E-003   6.7256987069468088E-004  -3.1532097142189909E-003   3.6539169633753167E-003  -3.6790447264230305E-003   0.0000000000000000        0.0000000000000000        0.0000000000000000       -5.3052725384483152E-005  -4.3760225218813327E-003  -3.6981291736853217E-002  -5.2029831800084511E-002  -2.5577851407374185E-002  -4.1974866501702842E-003   0.0000000000000000        0.0000000000000000        0.0000000000000000       -1.8082827693815261E-005  -1.6163796624803738E-003  -1.4071671547964928E-002  -1.9981088766963848E-002  -9.7479512717024968E-003  -1.4775086329258636E-003   0.0000000000000000        0.0000000000000000        0.0000000000000000       -2.1881171163964886E-006  -2.0774665235285343E-004  -1.8455817948466345E-003  -2.6366287156875329E-003  -1.2798421489458886E-003  -1.8334488817867595E-004   0.0000000000000000        0.0000000000000000        0.0000000000000000       -9.3044901741662163E-008  -9.2477679807190218E-006  -8.3341429886998747E-005  -1.1956519317514469E-004  -5.7836303457929744E-005  -7.9515141954459797E-006
   0.0000000000000000        0.0000000000000000        0.0000000000000000        0.0000000000000000       0.29272700798529400       -9.0991162888943506       -94.010532881192731        127.29763274205234       -23.097660100849470        0.0000000000000000        0.0000000000000000        0.0000000000000000        0.0000000000000000        2.3713195046816033E-002 -0.73834470134096786       -7.7903701915449473        10.619501968307125       -1.8638529144362914        0.0000000000000000        0.0000000000000000        0.0000000000000000        0.0000000000000000        3.8407021963659388E-003 -0.11529306683906849      -0.65892377926912571       0.65972687969819455      -0.32684958619273502        0.0000000000000000        0.0000000000000000        0.0000000000000000        0.0000000000000000        7.8486498598869785E-003 -0.24223270875477623       -2.2770544375208002        2.9847389319258788      -0.62938802170544039        0.0000000000000000        0.0000000000000000        0.0000000000000000        0.0000000000000000        1.8630834599956544E-004  -5.3391144122124264E-003   3.6539169633753180E-003  -3.0640430644778966E-002  -1.7330485167979671E-002   0.0000000000000000        0.0000000000000000        0.0000000000000000        0.0000000000000000       -7.9579088076724955E-005  -6.2855069745534637E-003  -2.5577851407374185E-002  -3.2695836347963830E-002  -1.7504917409863815E-002   0.0000000000000000        0.0000000000000000        0.0000000000000000        0.0000000000000000       -2.7124241540722949E-005  -2.3296346483280307E-003  -9.7479512717024881E-003  -1.2829439372735446E-002  -6.3409722721808580E-003   0.0000000000000000        0.0000000000000000        0.0000000000000000        0.0000000000000000       -3.2821756745947414E-006  -3.0013236366819857E-004  -1.2798421489458888E-003  -1.7165385706353702E-003  -8.0375961916126764E-004   0.0000000000000000        0.0000000000000000        0.0000000000000000        0.0000000000000000       -1.3956735261249365E-007  -1.3383166236934810E-005  -5.7836303457929737E-005  -7.8578290348665485E-005  -3.5419508335844082E-005
   0.0000000000000000        0.0000000000000000        0.0000000000000000        0.0000000000000000        0.0000000000000000      -0.80074839645994944       -5.5501700366640563       -23.097660100849470        29.640596623433193        0.0000000000000000        0.0000000000000000        0.0000000000000000        0.0000000000000000        0.0000000000000000       -6.4177588590447032E-002 -0.44920395427175847       -1.8638529144362914        2.4120334954830054        0.0000000000000000        0.0000000000000000        0.0000000000000000        0.0000000000000000        0.0000000000000000       -1.2772208802304993E-002  -7.4147210610734940E-002 -0.32684958619273502       0.35302813268373129        0.0000000000000000        0.0000000000000000        0.0000000000000000        0.0000000000000000        0.0000000000000000       -2.2430501548764255E-002 -0.14937459387330709      -0.62938802170544039       0.77952244021261707        0.0000000000000000        0.0000000000000000        0.0000000000000000        0.0000000000000000        0.0000000000000000       -7.6004745125157530E-004  -3.6790447264230296E-003  -1.7330485167979671E-002   1.4901355563893047E-002   0.0000000000000000        0.0000000000000000        0.0000000000000000        0.0000000000000000        0.0000000000000000       -3.1831635230689917E-004  -4.1974866501702877E-003  -1.7504917409863881E-002  -1.9051125201574991E-002   0.0000000000000000        0.0000000000000000        0.0000000000000000        0.0000000000000000        0.0000000000000000       -1.0849696616289155E-004  -1.4775086329258643E-003  -6.3409722721808857E-003  -7.7105830319741542E-003   0.0000000000000000        0.0000000000000000        0.0000000000000000        0.0000000000000000        0.0000000000000000       -1.3128702698378937E-005  -1.8334488817867603E-004  -8.0375961916127122E-004  -1.0515442290043372E-003   0.0000000000000000        0.0000000000000000        0.0000000000000000        0.0000000000000000        0.0000000000000000       -5.5826941044997335E-007  -7.9515141954459865E-006  -3.5419508335844231E-005  -4.8749125924253206E-005
   1.1473943008249057       -1.0139789413708586      -0.11054412895465754       -1.0539197798584903E-002   0.0000000000000000        0.0000000000000000        0.0000000000000000        0.0000000000000000        0.0000000000000000       0.80280916782944856      -0.58948581085087626       -6.6584341052797535E-002  -6.4685952210870165E-003   0.0000000000000000        0.0000000000000000        0.0000000000000000        0.0000000000000000        0.0000000000000000       0.34012799234648194      -0.21498868293391779       -2.5092123824760216E-002  -2.4782240028886531E-003   0.0000000000000000        0.0000000000000000        0.0000000000000000        0.0000000000000000        0.0000000000000000       0.37076628813060308      -0.25486579417967797       -2.9192147175579487E-002  -2.8562608067160809E-003   0.0000000000000000        0.0000000000000000        0.0000000000000000        0.0000000000000000        0.0000000000000000        2.2373016740669723E-002  -1.3806717413395314E-002  -1.6204803577112459E-003  -1.6048595970026655E-004   0.0000000000000000        0.0000000000000000        0.0000000000000000        0.0000000000000000        0.0000000000000000       -6.2442527436356199E-002  -7.7442096726284576E-002  -1.9729511817037391E-002  -1.5919603526735530E-003   0.0000000000000000        0.0000000000000000        0.0000000000000000        0.0000000000000000        0.0000000000000000       -3.4632976355609697E-002  -3.3105433935072738E-002  -8.0124842246764409E-003  -6.1375128440274739E-004   0.0000000000000000        0.0000000000000000        0.0000000000000000        0.0000000000000000        0.0000000000000000       -5.8706832860203123E-003  -4.8762718725909896E-003  -1.1393432534166381E-003  -8.3930181282022140E-005   0.0000000000000000        0.0000000000000000        0.0000000000000000        0.0000000000000000        0.0000000000000000       -3.2351879491629779E-004  -2.4667616788610046E-004  -5.6226768000518798E-005  -4.0225341805554350E-006   0.0000000000000000        0.0000000000000000        0.0000000000000000        0.0000000000000000        0.0000000000000000     
  -1.0139789413708586       0.98889095411418548        5.9266925335036524E-002  -3.0062998624405491E-003   0.0000000000000000        0.0000000000000000        0.0000000000000000        0.0000000000000000        0.0000000000000000      -0.58948581085087626       0.86171863970089135        7.8731622947798341E-002   3.6080005390366618E-003   0.0000000000000000        0.0000000000000000        0.0000000000000000        0.0000000000000000        0.0000000000000000      -0.21498868293391779       0.41428523601992939        4.4152726849080885E-002   3.1833729601103626E-003   0.0000000000000000        0.0000000000000000        0.0000000000000000        0.0000000000000000        0.0000000000000000      -0.25486579417967797       0.42257227793518753        4.1759269161490031E-002   2.4936866148143467E-003   0.0000000000000000        0.0000000000000000        0.0000000000000000        0.0000000000000000        0.0000000000000000       -1.3806717413395312E-002   2.7724900661440899E-002   3.0082931604897838E-003   2.2533758861808723E-004   0.0000000000000000        0.0000000000000000        0.0000000000000000        0.0000000000000000        0.0000000000000000       -9.1125758055200845E-002 -0.19365774210821096      -0.28413392946412142      -0.24092676379286118       -7.9434206340576297E-002  -5.4154348835842034E-003   0.0000000000000000        0.0000000000000000        0.0000000000000000       -3.8651673846324675E-002  -9.5780008197418581E-002 -0.13585992552107717      -0.11386382808421874       -3.7185677066608573E-002  -2.4826714730305541E-003   0.0000000000000000        0.0000000000000000        0.0000000000000000       -5.6638107686294327E-003  -1.5367150403424061E-002  -2.1406651592647163E-002  -1.7825072161563874E-002  -5.7901518655923915E-003  -3.8193190101357914E-004   0.0000000000000000        0.0000000000000000        0.0000000000000000       -2.8550152461329878E-004  -8.2081106643259473E-004  -1.1310197172586898E-003  -9.3805379881983406E-004  -3.0369839715577553E-004  -1.9881166378090235E-005   0.0000000000000000        0.0000000000000000        0.0000000000000000     
 -0.11054412895465753        5.9266925335036524E-002   4.5726280424086461E-002   1.0689270154203151E-002   0.0000000000000000        0.0000000000000000        0.0000000000000000        0.0000000000000000        0.0000000000000000       -6.6584341052797535E-002   7.8731622947798341E-002   3.8123136973189392E-002   8.1755897587631084E-003   0.0000000000000000        0.0000000000000000        0.0000000000000000        0.0000000000000000        0.0000000000000000       -2.5092123824760212E-002   4.4152726849080885E-002   1.7927559814942977E-002   3.6655711544511145E-003   0.0000000000000000        0.0000000000000000        0.0000000000000000        0.0000000000000000        0.0000000000000000       -2.9192147175579490E-002   4.1759269161490024E-002   1.8494564150768836E-002   3.8766830169163339E-003   0.0000000000000000        0.0000000000000000        0.0000000000000000        0.0000000000000000        0.0000000000000000       -1.6204803577112457E-003   3.0082931604897838E-003   1.1963504893943129E-003   2.4305879527002671E-004   0.0000000000000000        0.0000000000000000        0.0000000000000000        0.0000000000000000        0.0000000000000000       -7.1071573899036695E-003  -4.2226042555578165E-002 -0.11746795958338960      -0.16608369298856362       -7.2863700488294228E-002  -5.3269926417690060E-003   0.0000000000000000        0.0000000000000000        0.0000000000000000       -2.8754118363597358E-003  -1.9799280227086925E-002  -5.6171932895878796E-002  -7.9143114380055127E-002  -3.4291533270559553E-002  -2.4485741794526236E-003   0.0000000000000000        0.0000000000000000        0.0000000000000000       -4.0775781156622136E-004  -3.0857553669166467E-003  -8.8510368573555005E-003  -1.2446675763661567E-002  -5.3555880002759786E-003  -3.7726911316457771E-004   0.0000000000000000        0.0000000000000000        0.0000000000000000       -2.0083100727024792E-005  -1.6194268303390387E-004  -4.6765567686740613E-004  -6.5686388397899194E-004  -2.8142983884358528E-004  -1.9657692256948269E-005   0.0000000000000000        0.0000000000000000        0.0000000000000000     
  -1.0539197798584903E-002  -3.0062998624405500E-003   1.0689270154203153E-002 -0.33777510026356566       0.47212171567634920      -0.13401465605969068        8.0107525573348375E-003   0.0000000000000000        0.0000000000000000       -6.4685952210870165E-003   3.6080005390366618E-003   8.1755897587631084E-003 -0.23661775948602026       0.36228233926160386       -7.3492001439540211E-002   4.9183165289091325E-003   0.0000000000000000        0.0000000000000000       -2.4782240028886531E-003   3.1833729601103626E-003   3.6655711544511145E-003 -0.10033043179188132       0.16274521967084132       -2.5262182645763204E-002   1.8848133617914325E-003   0.0000000000000000        0.0000000000000000       -2.8562608067160804E-003   2.4936866148143472E-003   3.8766830169163348E-003 -0.10931965576744573       0.17194319465082164       -3.1004091682766650E-002   2.1719858131229995E-003   0.0000000000000000        0.0000000000000000       -1.6048595970026655E-004   2.2533758861808720E-004   2.4305879527002669E-004  -6.6003484266528006E-003   1.0794261001023165E-002  -1.6051118803302395E-003   1.2206320998576493E-004   0.0000000000000000        0.0000000000000000       -5.3065345089118622E-004  -9.0067132569972442E-003  -5.8371117293683467E-002 -0.17238044893878801      -0.11232581477150932       -2.3039909447513281E-003   2.6532672544559235E-004   0.0000000000000000        0.0000000000000000       -2.0458376146758301E-004  -4.0138816757253962E-003  -2.7323337668097105E-002  -8.1782804298305881E-002  -5.3395261558326967E-002  -1.3846436782868848E-003   1.0229188073379120E-004   0.0000000000000000        0.0000000000000000       -2.7976727094007460E-005  -6.0708303462421117E-004  -4.2543145936755388E-003  -1.2830441839774951E-002  -8.3859879141592146E-003  -2.4268715950107557E-004   1.3988363547003683E-005   0.0000000000000000        0.0000000000000000       -1.3408447268518165E-006  -3.1257485905322627E-005  -2.2313654007283614E-004  -6.7610337402486463E-004  -4.4219667353683634E-004  -1.3612887060357819E-005   6.7042236342590594E-007   0.0000000000000000        0.0000000000000000     
   0.0000000000000000        0.0000000000000000        0.0000000000000000       0.47212171567634920       -1.0018380106851872      -0.16792340503231284       0.62215331178178890        2.3713195046816033E-002   0.0000000000000000        0.0000000000000000        0.0000000000000000        0.0000000000000000       0.36228233926160386      -0.95462110239733811      -0.36524401502089265       0.35413545027196341        1.4554339247445787E-002   0.0000000000000000        0.0000000000000000        0.0000000000000000        0.0000000000000000       0.16274521967084135      -0.47793723766287310      -0.22652410195627382       0.12651934844630727        5.5760040064994710E-003   0.0000000000000000        0.0000000000000000        0.0000000000000000        0.0000000000000000       0.17194319465082164      -0.47762389443077125      -0.20457305473336032       0.15179353679114449        6.4265868151111823E-003   0.0000000000000000        0.0000000000000000        0.0000000000000000        0.0000000000000000        1.0794261001023164E-002  -3.2145828629013724E-002  -1.5591841058396796E-002   8.0956606067275512E-003   3.6109340932559983E-004   0.0000000000000000        0.0000000000000000       -7.9598017633677686E-005  -3.9157708388246988E-003   2.5265003378839083E-002  0.52926934657526392       0.48679324801725782        5.7675255680588067E-002   1.1939702645051701E-003   0.0000000000000000        0.0000000000000000       -3.0687564220137353E-005  -1.7262570895560311E-003   1.3910070000358769E-002  0.25451865527503448       0.22666280853305623        2.5484688820405305E-002   4.6031346330206149E-004   0.0000000000000000        0.0000000000000000       -4.1965090641011046E-006  -2.5933948283514874E-004   2.3502328796362881E-003   4.0228301375071079E-002   3.5185469747399174E-002   3.8341387883392163E-003   6.2947635961516812E-005   0.0000000000000000        0.0000000000000000       -2.0112670902777170E-007  -1.3294092750971612E-005   1.2928526156413535E-004   2.1295007604257218E-003   1.8419835969114820E-003   1.9672970181087057E-004   3.0169006354165858E-006   0.0000000000000000     
   0.0000000000000000        0.0000000000000000        0.0000000000000000      -0.13401465605969073      -0.16792340503231140       0.42338787055594834       0.70430642777630292      -0.73834470134096786       -6.4177588590447032E-002   0.0000000000000000        0.0000000000000000        0.0000000000000000       -7.3492001439540211E-002 -0.36524401502089265       0.51921575236860562       0.68715840877640477      -0.47738781866801133       -2.5976329773607622E-002   0.0000000000000000        0.0000000000000000        0.0000000000000000       -2.5262182645763191E-002 -0.22652410195627437       0.28458061655359296       0.34744401488684695      -0.19089362984283142       -5.5216468302199491E-003   0.0000000000000000        0.0000000000000000        0.0000000000000000       -3.1004091682766653E-002 -0.20457305473336038       0.27209424636894769       0.34551160963752470      -0.21479376958841853       -9.2549058585118804E-003   0.0000000000000000        0.0000000000000000        0.0000000000000000       -1.6051118803302388E-003  -1.5591841058396796E-002   1.9341556581123947E-002   2.3396746087628931E-002  -1.2447186916402753E-002  -3.1037660019941622E-004   0.0000000000000000        0.0000000000000000        0.0000000000000000       -8.8841195909915932E-002 -0.89055447292378331      -0.94521675337083988      -0.22210260194694659       -2.7975315982595853E-002  -1.5919603526735548E-003   0.0000000000000000        0.0000000000000000        0.0000000000000000       -4.3862863271689805E-002 -0.42672921083264109      -0.44462189903126992      -0.10268509807896363       -1.2409895797817830E-002  -6.1375128440274707E-004   0.0000000000000000        0.0000000000000000        0.0000000000000000       -7.0310389430468523E-003  -6.7315761462975271E-002  -6.9420730634690619E-002  -1.5875017575048393E-002  -1.8716072126418451E-003  -8.3930181282022167E-005   0.0000000000000000        0.0000000000000000        0.0000000000000000       -3.7534830813036087E-004  -3.5591585029771285E-003  -3.6473435205343916E-003  -8.2893873323016710E-004  -9.6185978224301111E-005  -4.0225341805554384E-006
   0.0000000000000000        0.0000000000000000        0.0000000000000000        8.0107525573348375E-003  0.62215331178178901       0.70430642777630281        6.8900357879290599       -7.7903701915449473      -0.44920395427175847        0.0000000000000000        0.0000000000000000        0.0000000000000000        4.9183165289091325E-003  0.35413545027196341       0.68715840877640477        7.2326074071174986       -8.1823556753041409      -0.26785299808394386        0.0000000000000000        0.0000000000000000        0.0000000000000000        1.8848133617914327E-003  0.12651934844630727       0.34744401488684695        3.7630154602240107       -4.2580528779907914      -0.10002517007714408        0.0000000000000000        0.0000000000000000        0.0000000000000000        2.1719858131229995E-003  0.15179353679114455       0.34551160963752464        3.6896595818913802       -4.1746153578214313      -0.11697583455955800        0.0000000000000000        0.0000000000000000        0.0000000000000000        1.2206320998576493E-004   8.0956606067275512E-003   2.3396746087628931E-002  0.25425590949821963      -0.28771117809798585       -6.4498448256361165E-003   0.0000000000000000        0.0000000000000000        0.0000000000000000       -2.6532672544559213E-004  -1.8517547292341098E-002 -0.14537914552312625      -0.19959118163756134      -0.10013557600154473       -1.9729511817037380E-002   0.0000000000000000        0.0000000000000000        0.0000000000000000       -1.0229188073379110E-004  -8.2221179248449881E-003  -6.8773707572245754E-002  -9.6443014757379097E-002  -4.7540321039405406E-002  -8.0124842246764340E-003   0.0000000000000000        0.0000000000000000        0.0000000000000000       -1.3988363547003686E-005  -1.2407439599877283E-003  -1.0772158099627440E-002  -1.5283256052089260E-002  -7.4611960512619138E-003  -1.1393432534166396E-003   0.0000000000000000        0.0000000000000000        0.0000000000000000       -6.7042236342590562E-007  -6.3788774301154423E-005  -5.6707941239129013E-004  -8.1030506625412305E-004  -3.9326235163991019E-004  -5.6226768000518805E-005
   0.0000000000000000        0.0000000000000000        0.0000000000000000        0.0000000000000000        2.3713195046816037E-002 -0.73834470134096797       -7.7903701915449473        10.619501968307125       -1.8638529144362914        0.0000000000000000        0.0000000000000000        0.0000000000000000        0.0000000000000000        1.4554339247445787E-002 -0.47738781866801133       -8.1823556753041409        12.499267344038897       -1.0030956358220198        0.0000000000000000        0.0000000000000000        0.0000000000000000        0.0000000000000000        5.5760040064994710E-003 -0.19089362984283145       -4.2580528779907914        6.7642243742196966      -0.33777428851430291        0.0000000000000000        0.0000000000000000        0.0000000000000000        0.0000000000000000        6.4265868151111823E-003 -0.21479376958841853       -4.1746153578214313        6.5069290231195716      -0.41966105321265640        0.0000000000000000        0.0000000000000000        0.0000000000000000        0.0000000000000000        3.6109340932559983E-004  -1.2447186916402753E-002 -0.28771117809798585       0.45908657213376264       -2.1378072105991006E-002   0.0000000000000000        0.0000000000000000        0.0000000000000000        0.0000000000000000       -3.9799008816838950E-004  -2.6383355629922292E-002 -0.10013557600154475      -0.11805317421878443       -7.7442096726284479E-002   0.0000000000000000        0.0000000000000000        0.0000000000000000        0.0000000000000000       -1.5343782110068717E-004  -1.1796144513415081E-002  -4.7540321039405378E-002  -6.0133954290529847E-002  -3.3105433935072655E-002   0.0000000000000000        0.0000000000000000        0.0000000000000000        0.0000000000000000       -2.0982545320505579E-005  -1.7876770313598237E-003  -7.4611960512619077E-003  -9.7943296860867699E-003  -4.8762718725909740E-003   0.0000000000000000        0.0000000000000000        0.0000000000000000        0.0000000000000000       -1.0056335451388619E-006  -9.2163444043745612E-005  -3.9326235163991019E-004  -5.2778093285205411E-004  -2.4667616788609975E-004
   0.0000000000000000        0.0000000000000000        0.0000000000000000        0.0000000000000000        0.0000000000000000       -6.4177588590447032E-002 -0.44920395427175847       -1.8638529144362914        2.4120334954830054        0.0000000000000000        0.0000000000000000        0.0000000000000000        0.0000000000000000        0.0000000000000000       -2.5976329773607622E-002 -0.26785299808394386       -1.0030956358220198        1.6927458185773205        0.0000000000000000        0.0000000000000000        0.0000000000000000        0.0000000000000000        0.0000000000000000       -5.5216468302199517E-003 -0.10002517007714408      -0.33777428851430291       0.71864522287999710        0.0000000000000000        0.0000000000000000        0.0000000000000000        0.0000000000000000        0.0000000000000000       -9.2549058585118804E-003 -0.11697583455955798      -0.41966105321265645       0.78250906608432869        0.0000000000000000        0.0000000000000000        0.0000000000000000        0.0000000000000000        0.0000000000000000       -3.1037660019941622E-004  -6.4498448256361156E-003  -2.1378072105991006E-002   4.7285425901125076E-002   0.0000000000000000        0.0000000000000000        0.0000000000000000        0.0000000000000000        0.0000000000000000       -1.5919603526735545E-003  -1.9729511817037412E-002  -7.7442096726284729E-002  -6.2442527436356782E-002   0.0000000000000000        0.0000000000000000        0.0000000000000000        0.0000000000000000        0.0000000000000000       -6.1375128440274739E-004  -8.0124842246764409E-003  -3.3105433935072773E-002  -3.4632976355609989E-002   0.0000000000000000        0.0000000000000000        0.0000000000000000        0.0000000000000000        0.0000000000000000       -8.3930181282022127E-005  -1.1393432534166389E-003  -4.8762718725909957E-003  -5.8706832860203591E-003   0.0000000000000000        0.0000000000000000        0.0000000000000000        0.0000000000000000        0.0000000000000000       -4.0225341805554375E-006  -5.6226768000518785E-005  -2.4667616788610067E-004  -3.2351879491630006E-004
