   12499.246574260234        12238.359706028232        11984.116778293732        10731.833047745680        9519.7121021784842       -944.05716303902034       -11358.872475735243       -2328.3542880874015        235.56261480962164        0.0000000000000000        0.0000000000000000        0.0000000000000000     
   12238.359706028232        11996.656950121449        11755.300108461159        10553.710510984880        9383.6296998669714       -815.17030630855277       -11108.513467875497       -2352.9652948215007        222.65218122595076        0.0000000000000000        0.0000000000000000        0.0000000000000000     
   11984.116778293732        11755.300108461159        11525.402597402597        10373.236363636364        9244.7838028638071       -691.13997113996732       -10859.336219336214       -2374.0644540644589        210.25493025492977        0.0000000000000000        0.0000000000000000        0.0000000000000000     
   10731.833047745680        10553.710510984880        10373.236363636364        9449.4817182817205        8519.5337782217830       -140.71942871942429       -9639.6024716024676       -2433.3016119682839        155.33779800446430        0.0000000000000000        0.0000000000000000        0.0000000000000000     
   9519.7121021784842        9383.6296998669714        9244.7838028638071        8519.5337782217830        7767.9403036643407        302.29101269101767       -8480.5383653383651       -2430.0951394284784        110.72171285504587        0.0000000000000000        0.0000000000000000        0.0000000000000000     
  -944.05716303902034       -815.17030630855277       -691.13997113996732       -140.71942871942429        302.29101269101767        2745.8412643597858        850.70210996137200       -1370.9591734283097       -66.854042162684593        0.0000000000000000        0.0000000000000000        0.0000000000000000     
  -11358.872475735243       -11108.513467875497       -10859.336219336214       -9639.6024716024676       -8480.5383653383651        850.70210996137200        11377.473007102639        1400.2741657062650       -337.44399176497984        74.074074074074090        0.0000000000000000        0.0000000000000000     
  -2328.3542880874015       -2352.9652948215007       -2374.0644540644589       -2433.3016119682839       -2430.0951394284784       -1370.9591734283097        1400.2741657062650        2278.7923857882679       -353.96275725493621       -49.382716049383262        74.074074074074076        0.0000000000000000     
   235.56261480962164        222.65218122595076        210.25493025492977        155.33779800446430        110.72171285504587       -66.854042162684593       -337.44399176497984       -353.96275725493621        793.53415978930070       -395.06172839505939       -296.29629629629699        296.29629629629630     
   0.0000000000000000        0.0000000000000000        0.0000000000000000        0.0000000000000000        0.0000000000000000        0.0000000000000000        74.074074074074090       -49.382716049383262       -395.06172839505939        1333.3333333333276       -1999.9999999999916        1037.0370370370326     
   0.0000000000000000        0.0000000000000000        0.0000000000000000        0.0000000000000000        0.0000000000000000        0.0000000000000000        0.0000000000000000        74.074074074074076       -296.29629629629699       -1999.9999999999916        7111.1111111110895       -4888.8888888888760     
   0.0000000000000000        0.0000000000000000        0.0000000000000000        0.0000000000000000        0.0000000000000000        0.0000000000000000        0.0000000000000000        0.0000000000000000        296.29629629629630        1037.0370370370326       -4888.8888888888760        3555.5555555555466     
