   8864.0545335385577        8688.7092210101018        8519.7759473539591        7688.4187530185736        6882.9878281349738       -646.98702050642123       -7592.7563219096901       -2017.7282109532282        181.04667990814127        0.0000000000000000        0.0000000000000000        0.0000000000000000     
   8688.7092210101018        8530.4615470402405        8372.3445785981821        7581.6219823331912        6808.7404245910066       -531.15294591063025       -7426.7700126109175       -2048.4739263060787        169.01997404897853        0.0000000000000000        0.0000000000000000        0.0000000000000000     
   8519.7759473539591        8372.3445785981821        8223.6342857142427        7472.3657142856728        6731.7150476190091       -420.57142857141071       -7260.9523809523644       -2075.9365079364925        157.46031746031784        0.0000000000000000        0.0000000000000000        0.0000000000000000     
   7688.4187530185736        7581.6219823331912        7472.3657142856728        6901.1748571428170        6313.5689142856754        58.243386243398888       -6442.4973544973382       -2169.8483245149755        106.10229276895988        0.0000000000000000        0.0000000000000000        0.0000000000000000     
   6882.9878281349738        6808.7404245910066        6731.7150476190091        6313.5689142856754        5861.6775613506106        425.98941798942627       -5658.1925925925752       -2204.7435626102133        64.146737213404364        0.0000000000000000        0.0000000000000000        0.0000000000000000     
  -646.98702050642123       -531.15294591063025       -420.57142857141071        58.243386243398888        425.98941798942627        3083.2059572799981       -33.705663335289159       -1238.2781370435680       -33.444379123391627        0.0000000000000000        0.0000000000000000        0.0000000000000000     
  -7592.7563219096901       -7426.7700126109175       -7260.9523809523644       -6442.4973544973382       -5658.1925925925752       -33.705663335289159        8233.5880854399238        937.35711019660653       -322.42471748644641        74.074074074074090        0.0000000000000000        0.0000000000000000     
  -2017.7282109532282       -2048.4739263060787       -2075.9365079364925       -2169.8483245149755       -2204.7435626102133       -1238.2781370435680        937.35711019660653        2246.9222897206341       -341.06299126875052       -49.382716049383262        0.0000000000000000        0.0000000000000000     
   181.04667990814127        169.01997404897853        157.46031746031784        106.10229276895988        64.146737213404364       -33.444379123391627       -322.42471748644641       -341.06299126875052        795.69751997735239       -395.06172839505939        0.0000000000000000        0.0000000000000000     
   0.0000000000000000        0.0000000000000000        0.0000000000000000        0.0000000000000000        0.0000000000000000        0.0000000000000000        74.074074074074090       -49.382716049383262       -395.06172839505939        1333.3333333333276        0.0000000000000000        0.0000000000000000     
   0.0000000000000000        0.0000000000000000        0.0000000000000000        0.0000000000000000        0.0000000000000000        0.0000000000000000        0.0000000000000000        0.0000000000000000        0.0000000000000000        0.0000000000000000        1.0000000000000000        0.0000000000000000     
   0.0000000000000000        0.0000000000000000        0.0000000000000000        0.0000000000000000        0.0000000000000000        0.0000000000000000        0.0000000000000000        0.0000000000000000        0.0000000000000000        0.0000000000000000        0.0000000000000000        1.0000000000000000     
 
   12499.246574260234        12238.359706028232        11984.116778293732        10731.833047745680        9519.7121021784842       -944.05716303902034       -11358.872475735243       -2328.3542880874015        235.56261480962164        0.0000000000000000        0.0000000000000000        0.0000000000000000     
   12238.359706028232        11996.656950121449        11755.300108461159        10553.710510984880        9383.6296998669714       -815.17030630855277       -11108.513467875497       -2352.9652948215007        222.65218122595076        0.0000000000000000        0.0000000000000000        0.0000000000000000     
   11984.116778293732        11755.300108461159        11525.402597402597        10373.236363636364        9244.7838028638071       -691.13997113996732       -10859.336219336214       -2374.0644540644589        210.25493025492977        0.0000000000000000        0.0000000000000000        0.0000000000000000     
   10731.833047745680        10553.710510984880        10373.236363636364        9449.4817182817205        8519.5337782217830       -140.71942871942429       -9639.6024716024676       -2433.3016119682839        155.33779800446430        0.0000000000000000        0.0000000000000000        0.0000000000000000     
   9519.7121021784842        9383.6296998669714        9244.7838028638071        8519.5337782217830        7767.9403036643407        302.29101269101767       -8480.5383653383651       -2430.0951394284784        110.72171285504587        0.0000000000000000        0.0000000000000000        0.0000000000000000     
  -944.05716303902034       -815.17030630855277       -691.13997113996732       -140.71942871942429        302.29101269101767        2745.8412643597858        850.70210996137200       -1370.9591734283097       -66.854042162684593        0.0000000000000000        0.0000000000000000        0.0000000000000000     
  -11358.872475735243       -11108.513467875497       -10859.336219336214       -9639.6024716024676       -8480.5383653383651        850.70210996137200        11377.473007102639        1400.2741657062650       -337.44399176497984        74.074074074074090        0.0000000000000000        0.0000000000000000     
  -2328.3542880874015       -2352.9652948215007       -2374.0644540644589       -2433.3016119682839       -2430.0951394284784       -1370.9591734283097        1400.2741657062650        2278.7923857882679       -353.96275725493621       -49.382716049383262        0.0000000000000000        0.0000000000000000     
   235.56261480962164        222.65218122595076        210.25493025492977        155.33779800446430        110.72171285504587       -66.854042162684593       -337.44399176497984       -353.96275725493621        793.53415978930070       -395.06172839505939        0.0000000000000000        0.0000000000000000     
   0.0000000000000000        0.0000000000000000        0.0000000000000000        0.0000000000000000        0.0000000000000000        0.0000000000000000        74.074074074074090       -49.382716049383262       -395.06172839505939        1333.3333333333276        0.0000000000000000        0.0000000000000000     
   0.0000000000000000        0.0000000000000000        0.0000000000000000        0.0000000000000000        0.0000000000000000        0.0000000000000000        0.0000000000000000        0.0000000000000000        0.0000000000000000        0.0000000000000000        1.0000000000000000        0.0000000000000000     
   0.0000000000000000        0.0000000000000000        0.0000000000000000        0.0000000000000000        0.0000000000000000        0.0000000000000000        0.0000000000000000        0.0000000000000000        0.0000000000000000        0.0000000000000000        0.0000000000000000        1.0000000000000000     
 
   18446.252474034081        18059.878047521877        17681.746191504491        15834.342187221080        14068.245020531340       -2320.8383259208458       -16165.989248573262       -3151.5779866289181        235.87759594071576        0.0000000000000000        0.0000000000000000        0.0000000000000000     
   18059.878047521877        17695.934599359563        17333.876031301981        15552.227302427898        13841.825811351202       -2146.1573296966390       -15817.813264290720       -3165.5945238784793        222.44394264924833        0.0000000000000000        0.0000000000000000        0.0000000000000000     
   17681.746191504491        17333.876031301981        16986.405594405591        15268.967832167828        13613.606156040032       -1977.2217905551224       -15472.185098851773       -3176.0016115571602        209.55768511324010        0.0000000000000000        0.0000000000000000        0.0000000000000000     
   15834.342187221080        15552.227302427898        15268.967832167828        13849.867478403943        12456.487347758117       -1215.3697457226860       -13790.630528512886       -3180.7302182204080        152.66056238605194        0.0000000000000000        0.0000000000000000        0.0000000000000000     
   14068.245020531340        13841.825811351202        13613.606156040032        12456.487347758117        11299.177691133495       -582.11141480161041       -12203.510792185303       -3122.2260831881695        106.72567945247607        0.0000000000000000        0.0000000000000000        0.0000000000000000     
  -2320.8383259208458       -2146.1573296966390       -1977.2217905551224       -1215.3697457226860       -582.11141480161041        3384.7440383388139        2028.3512178937058       -1388.7277895992499       -89.635531901327553        0.0000000000000000        0.0000000000000000        0.0000000000000000     
  -16165.989248573262       -15817.813264290720       -15472.185098851773       -13790.630528512886       -12203.510792185303        2028.3512178937058        15098.706183673505        2128.1210518683288       -325.36752362460453        74.074074074074076        0.0000000000000000        0.0000000000000000     
  -3151.5779866289181       -3165.5945238784793       -3176.0016115571602       -3180.7302182204080       -3122.2260831881695       -1388.7277895992499        2128.1210518683288        2466.6898770021480       -349.13761565903718       -49.382716049383234        0.0000000000000000        0.0000000000000000     
   235.87759594071576        222.44394264924833        209.55768511324010        152.66056238605194        106.72567945247607       -89.635531901327553       -325.36752362460453       -349.13761565903718        793.49403387166353       -395.06172839505950        0.0000000000000000        0.0000000000000000     
   0.0000000000000000        0.0000000000000000        0.0000000000000000        0.0000000000000000        0.0000000000000000        0.0000000000000000        74.074074074074076       -49.382716049383234       -395.06172839505950        1333.3333333333276        0.0000000000000000        0.0000000000000000     
   0.0000000000000000        0.0000000000000000        0.0000000000000000        0.0000000000000000        0.0000000000000000        0.0000000000000000        0.0000000000000000        0.0000000000000000        0.0000000000000000        0.0000000000000000        1.0000000000000000        0.0000000000000000     
   0.0000000000000000        0.0000000000000000        0.0000000000000000        0.0000000000000000        0.0000000000000000        0.0000000000000000        0.0000000000000000        0.0000000000000000        0.0000000000000000        0.0000000000000000        0.0000000000000000        1.0000000000000000     
 
   25453.448286687428        24920.611383465130        24398.206573273070        21861.961432434393        19460.226151394534       -4164.0637492280475       -21547.767612218224       -4169.4028062692169        220.15731989903401        0.0000000000000000        0.0000000000000000        0.0000000000000000     
   24920.611383465130        24413.874681534540        23911.140920029207        21457.601960541062        19126.869721888994       -3934.1620828757914       -21090.498383042119       -4168.9880883092728        206.49091380825647        0.0000000000000000        0.0000000000000000        0.0000000000000000     
   24398.206573273070        23911.140920029207        23426.523198164148        21053.820087033782        18793.145465457204       -3711.1729825042862       -20637.443354718976       -4164.9783217585082        193.39720937244161        0.0000000000000000        0.0000000000000000        0.0000000000000000     
   21861.961432434393        21457.601960541062        21053.820087033782        19057.840853883019        17130.024988599067       -2695.9723262633793       -18443.379178784820       -4098.1326353957929        135.80417335216089        0.0000000000000000        0.0000000000000000        0.0000000000000000     
   19460.226151394534        19126.869721888994        18793.145465457204        17130.024988599067        15502.472834415703       -1836.0870337093531       -16383.732923423382       -3969.5693202566258        89.652006610520303        0.0000000000000000        0.0000000000000000        0.0000000000000000     
  -4164.0637492280475       -3934.1620828757914       -3711.1729825042862       -2695.9723262633793       -1836.0870337093531        4245.8294677076983        3443.0414595533307       -1319.4549465619314       -105.50995208717997        0.0000000000000000        0.0000000000000000        0.0000000000000000     
  -21547.767612218224       -21090.498383042119       -20637.443354718976       -18443.379178784820       -16383.732923423382        3443.0414595533307        19147.456678932431        2959.9855736766644       -305.02764317693823        74.074074074074076        0.0000000000000000        0.0000000000000000     
  -4169.4028062692169       -4168.9880883092728       -4164.9783217585082       -4098.1326353957929       -3969.5693202566258       -1319.4549465619314        2959.9855736766644        2690.1014829004721       -341.09368910423643       -49.382716049383234        0.0000000000000000        0.0000000000000000     
   220.15731989903401        206.49091380825647        193.39720937244161        135.80417335216089        89.652006610520303       -105.50995208717997       -305.02764317693823       -341.09368910423643        793.78230691153226       -395.06172839505950        0.0000000000000000        0.0000000000000000     
   0.0000000000000000        0.0000000000000000        0.0000000000000000        0.0000000000000000        0.0000000000000000        0.0000000000000000        74.074074074074076       -49.382716049383234       -395.06172839505950        1333.3333333333276        0.0000000000000000        0.0000000000000000     
   0.0000000000000000        0.0000000000000000        0.0000000000000000        0.0000000000000000        0.0000000000000000        0.0000000000000000        0.0000000000000000        0.0000000000000000        0.0000000000000000        0.0000000000000000        1.0000000000000000        0.0000000000000000     
   0.0000000000000000        0.0000000000000000        0.0000000000000000        0.0000000000000000        0.0000000000000000        0.0000000000000000        0.0000000000000000        0.0000000000000000        0.0000000000000000        0.0000000000000000        0.0000000000000000        1.0000000000000000     
 
